2.603366975 1.083832726 0.422390853 0.27299688 0.402417923 0.760615473 1.149676519 1.064130293 0.528752948 0.300339353 0.328509784 0.257709639 0.182508381 0.151466882 0.082131349 0.042533459
0.986140255 5.813132644 1.080535957 0.2912166 0.187746985 0.472979275 0.827128294 1.049513307 0.868731185 0.360938639 0.223140374 0.182690718 0.165127102 0.126409023 0.052886786 0.039805646
0.248938835 1.725756328 7.62435298 0.905364426 0.339940808 0.298722494 0.484658975 0.756055673 1.074903458 0.594683074 0.291953906 0.141745206 0.098048112 0.098598483 0.062520181 0.051167255
0.142418413 0.352436717 2.825771849 10.39436096 1.615757116 0.810151713 0.640350848 0.825962092 1.079493336 1.084502645 0.551853923 0.216464275 0.089057943 0.064478819 0.032038045 0.020946066
0.258512196 0.206067486 0.345654543 2.676108251 4.408012062 1.899628203 1.204626497 1.095513928 0.97607289 1.21057159 0.836478562 0.402389171 0.110505943 0.058099513 0.05662629 0.043647739
0.621841061 0.316536275 0.244566438 0.921087954 2.212078893 3.735042496 1.849697432 1.427270484 1.216272756 0.989553524 0.971639181 0.485221873 0.150187312 0.068088377 0.032373642 0.023307288
0.848990384 0.94127603 0.693145099 0.516914106 1.053580061 1.787073938 2.900238992 1.83064813 1.386503245 1.062890586 0.819377859 0.549193308 0.219409178 0.108284825 0.048708997 0.043528479
0.759852722 1.119835704 0.886377403 0.776915793 0.75429779 1.372305041 1.680743046 2.925213344 1.948182028 1.232814033 0.884328461 0.463817736 0.25540842 0.172988383 0.088411792 0.033820031
0.380269297 0.78820215 1.108822816 1.201871863 0.932248846 1.219003747 1.530944971 1.766975678 2.720297823 1.580460042 1.080584786 0.392982807 0.203277221 0.134831272 0.08333241 0.037480259
0.338060603 0.554541405 0.772204938 1.621111943 0.895853427 0.979443289 1.181016713 1.353964321 1.482609949 1.963465831 1.063604912 0.470292455 0.158673428 0.09401972 0.073973037 0.06267462
0.30804192 0.6655372 0.997329599 1.381474807 1.054172465 1.332325679 1.181050646 1.170463133 1.55584309 1.695625593 1.840973365 0.814989764 0.273509215 0.13407272 0.082432285 0.068997912
0.556963699 0.763625462 0.763981721 0.929905883 0.740298905 1.183880921 1.221034581 0.965331106 1.085008417 0.907078985 1.126012949 1.425732331 0.492024652 0.230265634 0.099481653 0.070643944
0.522444758 0.492626833 0.372828816 0.518600436 0.424249952 0.633320451 0.741108415 0.775061197 0.596763579 0.47399309 0.487866415 0.655165953 1.070306627 0.4239837 0.205373381 0.08138253
0.344541981 0.521109133 0.432563388 0.252580609 0.316311881 0.450793122 0.648352255 0.650973239 0.600234093 0.346467872 0.387447536 0.480945049 0.543333073 1.052128753 0.280259207 0.113033366
0.146272361 0.418688437 0.395555632 0.395705876 0.176243047 0.299460358 0.292916184 0.516621452 0.570998416 0.444040489 0.35644525 0.298569422 0.520928085 0.570587525 0.773024702 0.23736839
0.257247393 0.348683 0.516216144 0.415101125 0.159272678 0.181219589 0.273897859 0.370610759 0.425108177 0.428002306 0.426083315 0.259364942 0.188137138 0.298408943 0.257468995 0.410080427
